 52076 55693 24457 45672  8548 50209  8876  9226
 60164 28075   753  2201 19659 18376 43002  9768
 14540 33356 45011  1404 31488   801 15013 44581
 56381  1435 14252 46204  6229 35372 20152 37723
  8574 30810  6295 53087 38342 51255 54084  1238
 41823 60826 21785 63629 33461 10340 13349  6874
 41171 60492 33595 53016  8004 24601  3282 46265
 50238 63194 65037 54795  8920 15353 19808 16917
 64437  3729 51201 59547 26697 12854 50793 46395
 29855  5881 23777 31340 28553 16117 58529 40099
 65338 47865 18114 45236 48966 61200 41346 37905
 25955  2328 38068 25178 63587  7134 47532 64936
  2038 43197 31759 22714 34138 45745 51021  7956
 63249  1009  1259  6272 34715  3637 56862  2493
 19814 18381 39899 45412 59878 40643 35613 16070
 39424 64191 38776 61545 39001 65457 38347  8075
 37439 18833 58617 51938 52700 36165 23894 19117
 51907 37786 20870 45564 46131  5185 22495 22794
  8651  1708 30492 50591 50193 55872
